01 02 03 04 05 06 07 08	09 10 11 12 13 14 15 16 17 18 19 20 - 01 02 03 04 05 06 07 08 09 10 11 													
01 02 03 04 05 06 07 08	09 10 11 12 13 14 15 16 17 18 19 20 - 01 02 03 04 05 06 07 08 09 10 11													
01 02 03 04 05 06 07 08	09 10 11 12 13 14 15 16 17 18 19 20 - 01 02 03 04 05 06 07 08 09 10 11 													
01 02 03 04 05 06 07 08	09 10 11 12 13 14 15 16 17 18 19 20 - 01 02 03 04 05 06 07 08 09 10 11 													
01 02 03 04 05 06 07 08	09 10 11 12 13 14 15 16 17 18 19 20 - 01 02 03 04 05 06 07 08 09 10 11

																																												
1. 设置填（1-150）（1-106）清列的列范围 ：
																																												
⑴ .  确定   清列行   的列范围 。																																												
																																												
假设：填“（1-20）（1-11）”清列的范围 ，⑴ .  确定    清列行   “（1-20）（1-11）”列范围																																												
																																												
																																												
